1111111111111111111111111
1000000000000000000000001
1000000000000000000000001
1000010000000000000000001
1000010000000011111111001
1000010000000000000000001
1000010000000000000000001
1000010000000000000000001
1000010000000000000000001
1000010000000000000100001
1000010000000000000100001
1000000000000000000100001
1000000000000000000100001
1000000000000000000100001
1000000000000000000100001
1001111111100000000100001
1000000000000000000100001
1000000000000000000000001
1000000000000000000000001
1111111111111111111111111