1111111111111111111111111
1000000000000000000000001
1000000000000000000000001
1001111110000000111111001
1001000000000000000001001
1001000000000000000001001
1001000000000000000001001
1000000000000000000000001
1000000000001000000000001
1000000000011100000000001
1000000000001000000000001
1000000000000000000000001
1000000000000000000000001
1001000000000000000001001
1001000000000000000001001
1001000000000000000001001
1001111110000000111111001
1000000000000000000000001
1000000000000000000000001
1111111111111111111111111