1111111111111111111111111
1111111111111111111111111
1000000000000000000000001
1010001000100010001000101
1010101010101010101010101
1010101010101010101010101
1010101010101010101010101
1010101010101010101010101
1010101010101010101010101
1010101010101010101010101
1010101010101010101010101
1010101010101010101010101
1010101010101010101010101
1010101010101010101010101
1010101010101010101010101
1010101010101010101010101
1010101010101010101010101
1010101010101010101010101
1000100010001000100010101
1111111111111111111110001
1111111111111111111111111